number of tasks=     4
N=    20
leftT=   2.0
upT=   3.0
rightT=   4.0
downT=   5.0
startT=   8.0
errorT=   1.0

blocks number=  4
rows in block=     4
rows in last block=     7
maximum iterations=     100
iteration count=         0

End Process=    1 Time=    0.00
 iteration count=   100
blok   1
    2.00     5.26     6.63     7.28     7.61     7.79     7.89     7.94     7.96     7.98     7.98     7.98     7.97     7.96     7.92     7.86     7.74     7.52     7.09     6.17     4.00 
    2.00     4.41     5.97     6.88     7.39     7.67     7.82     7.90     7.94     7.96     7.97     7.97     7.96     7.93     7.88     7.78     7.59     7.25     6.65     5.61     4.00 
    2.00     4.41     5.97     6.88     7.39     7.67     7.82     7.90     7.94     7.96     7.97     7.97     7.96     7.93     7.88     7.78     7.59     7.25     6.65     5.61     4.00 
    2.00     5.26     6.63     7.28     7.61     7.79     7.89     7.94     7.96     7.98     7.98     7.98     7.97     7.96     7.92     7.86     7.74     7.52     7.09     6.17     4.00 
End Process=    3 Time=    0.00
 iteration count=   100
blok   3
    2.00     5.03     6.23     6.81     7.11     7.30     7.41     7.48     7.53     7.55     7.57     7.57     7.56     7.54     7.50     7.43     7.33     7.14     6.78     5.99     4.00 
    2.00     3.87     5.11     5.87     6.35     6.66     6.86     6.99     7.07     7.12     7.14     7.15     7.13     7.09     7.02     6.91     6.73     6.44     5.97     5.20     4.00 
    2.00     3.36     4.44     5.22     5.76     6.13     6.37     6.54     6.64     6.71     6.74     6.74     6.72     6.67     6.59     6.45     6.24     5.93     5.47     4.82     4.00 
    2.00     3.12     4.08     4.81     5.34     5.71     5.97     6.14     6.25     6.32     6.35     6.36     6.34     6.29     6.20     6.06     5.86     5.56     5.16     4.63     4.00 
    2.00     3.06     3.93     4.59     5.07     5.41     5.64     5.79     5.89     5.96     5.99     6.00     5.98     5.93     5.85     5.73     5.55     5.30     4.96     4.52     4.00 
    2.00     3.17     4.00     4.56     4.94     5.20     5.38     5.50     5.57     5.62     5.65     5.65     5.64     5.60     5.54     5.45     5.32     5.13     4.87     4.50     4.00 
    2.00     3.63     4.33     4.71     4.93     5.08     5.17     5.24     5.28     5.31     5.32     5.32     5.31     5.30     5.26     5.22     5.14     5.04     4.87     4.59     4.00 
    2.00     5.00     5.00     5.00     5.00     5.00     5.00     5.00     5.00     5.00     5.00     5.00     5.00     5.00     5.00     5.00     5.00     5.00     5.00     5.00     4.00 
End Process=    0 Time=    0.00
 iteration count=   100
blok   0
    2.00     3.00     3.00     3.00     3.00     3.00     3.00     3.00     3.00     3.00     3.00     3.00     3.00     3.00     3.00     3.00     3.00     3.00     3.00     3.00     3.00 
    2.00     2.87     3.35     3.63     3.79     3.88     3.94     3.96     3.98     3.99     3.99     3.99     3.99     3.98     3.97     3.95     3.92     3.87     3.80     3.78     4.00 
    2.00     3.11     3.89     4.37     4.65     4.81     4.89     4.94     4.97     4.98     4.99     4.99     4.98     4.97     4.95     4.92     4.86     4.75     4.57     4.31     4.00 
    2.00     3.70     4.74     5.32     5.63     5.80     5.89     5.94     5.97     5.98     5.99     5.99     5.98     5.97     5.95     5.91     5.84     5.69     5.42     4.89     4.00 
    2.00     4.94     6.05     6.53     6.76     6.87     6.93     6.96     6.98     6.99     6.99     6.99     6.99     6.98     6.97     6.94     6.89     6.77     6.51     5.85     4.00 
End Process=    2 Time=    0.00
 iteration count=   100
blok   2
    2.00     5.26     6.63     7.28     7.61     7.79     7.89     7.94     7.96     7.98     7.98     7.98     7.97     7.96     7.92     7.86     7.74     7.52     7.09     6.17     4.00 
    2.00     4.41     5.97     6.88     7.39     7.67     7.82     7.90     7.94     7.96     7.97     7.97     7.96     7.93     7.88     7.78     7.59     7.25     6.65     5.61     4.00 
    2.00     4.41     5.97     6.88     7.39     7.67     7.82     7.90     7.94     7.96     7.97     7.97     7.96     7.93     7.88     7.78     7.59     7.25     6.65     5.61     4.00 
    2.00     5.26     6.63     7.28     7.61     7.79     7.89     7.94     7.96     7.98     7.98     7.98     7.97     7.96     7.92     7.86     7.74     7.52     7.09     6.17     4.00 
